-236
176
317
724
176
82
29
63
-19
-70
-118
-107
-366
-596
-656
-598
-124
10
39
97
6
14
-21
-105
-110
-61
-130
-311
-376
-222
-173
-250
-42
111
362
568
264
29
50
69
-18
34
-223
-286
-504
-824
-780
-122
101
120
125
22
7
-37
-47
-91
-78
-106
-159
-260
-367
-244
176
161
370
317
108
109
119
50
-17
-64
-88
-29
-9
-77
-235
-490
-697
-653
-15
248
173
32
15
-49
-91
-105
-175
-245
-506
-315
-510
189
163
70
187
152
117
92
51
24
33
-70
-106
-244
-593
-553
-360
-329
-500
-118
194
367
58
-40
48
25
3
-64
-174
-572
-733
-469
149
105
253
263
277
136
121
24
51
73
-11
-101
-271
-570
-748
-510
-30
101
347
516
208
73
253
-100
-179
-375
-636
-457
-488
-300
76
101
154
383
272
90
-15
-67
-28
-27
-112
-378
-510
-525
-891
-507
58
111
495
220
65
4
34
-68
-110
-124
-317
-432
-315
-285
-224
284
358
572
500
299
208
135
14
-31
-55
-133
-404
-811
-1079
-318
113
174
114
133
448
334
-65
-50
-10
-112
-137
-288
-270
-261
-357
-432
-72
55
204
304
633
195
-26
25
136
5
-55
-141
-408
-632
-628
-459
-465
-620
-375
60
135
199
39
27
72
69
47
-48
-111
-159
-251
-61
-60
