10
-54
-190
-169
-151
-137
-120
-108
-96
-88
-85
-85
-82
-80
-84
-94
-64
-25
11
23
18
14
-5
-20
-41
-81
-129
-189
-181
-186
-147
-86
-86
-79
-73
-70
-71
-73
-74
-76
-84
-117
-126
-50
-1
11
44
60
73
65
36
-3
-31
-83
-177
-249
-252
-232
-184
-133
-71
-57
-59
-58
-54
-55
-59
-78
-117
-164
-185
-129
-94
-49
-11
14
34
46
28
-20
-52
-107
-222
-322
-224
-149
-82
-20
19
4
-7
-16
-26
-35
-75
-139
-220
-189
-97
20
74
103
104
78
49
38
1
-121
-256
-288
-201
-93
-47
-48
-48
-46
-51
-54
-54
-56
-68
-71
34
93
125
111
102
82
50
2
-21
-51
-53
-88
-183
-267
-314
-265
-172
-113
-101
-91
-83
-80
-78
-80
-114
-105
-19
20
35
57
60
62
37
0
-37
-95
-177
-228
-259
-264
-203
-144
-113
-93
-82
-76
-74
-77
-82
-88
33
132
162
146
108
67
41
9
-25
-56
-97
-181
-224
-282
-241
-231
-169
-143
-120
-101
-92
-89
-90
-92
-115
-179
-139
-110
-68
-6
35
73
82
55
8
-73
-139
-238
-298
-331
-261
-177
-71
-16
-37
-46
-65
-104
-121
-134
-101
-49
13
54
63
76
90
90
74
48
6
-86
-181
-274
-331
-295
-225
-154
-104
-90
-73
-70
-60
-45
-42
-15
